   2016   6   17.0    11.7       0    75.8   149.9#  Provisional
   2016   6   19.3    11.0       0    75.1   113.6   Provisional
   2016   6   16.5    10.0       0    71.0   -999    Provisional
   2016   6   18.3    10.7       0   105.6   128.7*  Provisional
   2016   6   16.6     7.4       0   103.2   -999    Provisional
   2016   6   17.0    12.1       0    65.8   131.8#  Provisional
   2016   6   19.7    11.4       0    99.3*  -999    Provisional
   2016   6   19.9    12.7       0   109.8   -999    Provisional
   2016   6   18.9    12.7       0   103.2   -999    Provisional
   2011   3   10.3     1.4      12    35.5   145.0
   2016   6   18.7    10.7       0    64.8   -999    Provisional
   2016   6   18.0     9.6       0    49.8   -999    Provisional
   2016   6   18.1*   12.9*      0*   83.7*  158.2*  Provisional
   2016   6   17.6     8.6       0    94.2   126.9#  Provisional
   2016   6   20.7    12.7       0    93.4   101.7#  Provisional
   2016   6   19.6    11.4       0    81.4   116.0#  Provisional
   2016   6   12.9     8.5       0    48.4   199.3#  Provisional
   2016   6   16.0     9.1       0    89.8   140.7#  Provisional
   2016   6   18.4*   11.9*      0*  102.4*  150.5*  Provisional
   2016   6   19.0    11.6       0    97.4   128.8#  Provisional
   2016   6   16.2*    9.6*      0*   65.7*  133.9*  Provisional
   2016   6   18.7     9.8       0   108.0   -999    Provisional
   2016   6   19.9*   12.2*      0*   75.9*  106.2*  Provisional
   2016   6   18.9*   10.9*      0*   66.9*  152.6*  Provisional
   2004  10   13.6     7.5       0    95.2    84.5
   2016   6   20.0*   12.0*      0*   69.5*  131.7*  Provisional
   2016   6   19.6    11.1       0   117.8   126.2#  Provisional
   2016   6   18.8    11.1       0   130.4   106.5#  Provisional
   2000   3   12.5     4.7       1    14.7    -999
   2016   6   14.8    10.1       0    82.6   133.0#  Provisional
   2016   6   19.3    11.3       0   149.0   -999    Provisional
   2016   6   16.0    10.8       0    54.8   196.0#  Provisional
   2016   6   18.0    12.0       0    72.0   205.3#  Provisional
   2016   6   18.7    11.2       0   120.0   106.8#  Provisional
   2016   6   16.7*    9.9*      0*   65.5*  154.7*  Provisional
   2016   6   13.7     8.8       0    39.4   -999    Provisional
   2016   6   19.4    11.7       0   111.0    94.8#  Provisional
