   1941   1   -999    -999   -999     74.7    -999
   1853   1   -999    -999    -999    57.3    -999
   1961   7   14.4     8.7       0   -999    -999
   1908   1    5.0    -1.4      21    -999    29.7
   1959   1    1.7    -5.7      27    -999    34.2
   1978   9   17.5    11.3       0    26.7   -999
   1959   1    4.4    -1.4      20    -999    78.1
   1977   9   18.3     8.1       0    48.6   117.9
   1951   1    7.9     3.9   -999    106.2    48.2
   1959   1    4.5    -1.9      20   -999     57.2
   1971   6  -999    -999    -999     71.4   -999
   1880   1    4.2    -1.4      22    13.5    -999
   1959   1    6.4     1.1      13   109.5   100.4
   1911   1  -999    -999    -999    107.7   -999
   1948   1    8.9     3.3   -999     85.0   -999
   1957   1    9.1     2.5       7    73.0    -999
   1930  12    7.0     3.6       0   122.4    13.1
   1957   1    8.0     1.6       7    70.2    59.0
   1914   1    5.2     0.7   -999     52.0   -999
   1934   7   22.4    12.9   -999     37.1   -999
   1931   1    5.0     0.6      11    78.4    43.4
   1959   1    3.5    -3.3      23    -999    76.9
   1853   1    8.4     2.7       4    62.8    -999
   1959   1    4.0    -2.0      25    40.9    54.1
   1946   1   -999    -999    -999    -999    33.2
   1930  12    7.4     2.0       7    83.8    30.5
   1946   1   -999    -999    -999    58.3    37.8
   1883   1    6.3     1.7       6   122.1    -999
   1855   1    5.0     0.5      16    -999    -999
   1873   7   16.7     9.9       0   110.5    -999
   1959   1    4.2    -2.4      23    -999    78.8
   1928   1   -999    -999    -999    -999    42.8
   1930  12    8.6     5.5       0   130.3    31.5
   1947   1    3.3    -0.7   -999     34.0    60.0
   1961   9   18.6    10.0       0    26.9
   1914   1    5.9     0.9   -999     48.3   -999
   1964   9   20.5     8.8       0    37.4    -999
