   20.93  -156.48 0
   19.70  -155.07 0
   21.32  -157.83 0
   20.93  -156.43 0
   19.83  -155.10 0
   21.60  -158.12 0
   21.32  -157.83 0
   20.93  -156.48 0
   20.93  -156.48 0
   21.97  -159.33 0
   19.72  -155.98 0
   21.32  -157.83 0
   19.48  -155.92 0
   19.70  -155.07 0
   19.70  -155.07 0
   21.32  -157.83 0
   20.93  -156.48 0
   20.93  -156.48 0
   19.70  -155.07 0
   21.97  -159.33 0
   20.93  -156.48 0
   22.05  -159.55 0
   19.70  -155.07 0
   21.43  -157.78 0
   19.27  -155.25 0
   19.70  -155.07 0
   19.72  -155.98 0
   22.22  -159.55 0
   19.90  -155.13 0
   19.27  -155.25 0
   19.70  -155.07 0
   19.42  -155.92 0
   20.07  -155.45 0
   21.32  -157.83 0
   19.85  -155.10 0
   19.10  -155.55 0
   19.38  -155.90 0
   16.75  -169.52 0
   19.48  -155.92 0
   18.97  -155.62 0
   20.93  -156.48 0
   19.72  -155.98 0
   19.37  -154.97 0
   21.32  -157.83 0
   19.35  -154.98 0
   22.00  -159.50 0
   21.93  -159.63 0
   20.03  -155.83 0
   19.60  -155.03 0
   21.97  -159.72 0
   21.32  -157.83 0
   19.37  -155.99 0
   20.93  -156.48 0
   20.00  -155.25 0
   19.70  -155.07 0
   20.93  -156.48 0
   20.93  -156.48 0
   28.22  -177.37 0
   21.43  -157.80 0
   20.17  -156.82 0
   19.48  -155.92 0
   21.97  -159.33 0
   16.75  -169.52 0
   21.50  -158.00 0
   19.80  -155.13 0
   19.43  -154.90 0
   21.93  -159.65 0
   19.75  -155.10 0
    1.97   157.47 0
   19.45  -154.85 0
   20.21  -155.73 0
   19.38  -155.90 0
   19.13  -155.50 0
   19.28  -166.62 0
   19.70  -155.07 0
   19.70  -155.07 0
   21.33  -157.83 0
   19.10  -153.55 0
   20.93  -156.48 0
   19.72  -155.98 0
   18.92  -155.68 0
   19.70  -155.07 0
   21.30  -157.83 0
   21.97  -159.33 0
   20.27  -155.87 0
   21.20  -157.88 0
   20.13  -155.60 0
   28.22  -177.43 0
   21.38  -157.72 0
   20.00  -155.25 0
   19.72  -155.98 0
   19.70  -155.07 0
   20.18  -155.92 0
   21.30  -157.67 0
   21.60  -158.12 0
   19.70  -155.07 0
   19.70  -155.07 0
   21.32  -157.83 0
   16.75  -169.52 0
   20.93  -156.48 0
   28.22  -177.37 0
   21.90  -159.58 0
   19.80  -155.13 0
   19.70  -155.07 0
   21.32  -157.83 0
   20.93  -156.48 0
   28.22  -177.37 0
   21.90  -159.58 0
   19.70  -155.07 0
   19.13  -155.50 0
   21.32  -157.83 0
   20.93  -156.48 0
   28.22  -177.43 0
   21.97  -159.33 0
   21.32  -157.83 0
   20.93  -156.48 0
   18.92  -155.68 0
   19.70  -155.07 0
   20.27  -155.87 0
   21.28  -157.87 0
   21.10  -156.80 0
   21.63  -158.07 0
   19.70  -155.07 0
   21.32  -157.83 0
   16.75  -169.52 0
   21.32  -157.83 0
   19.70  -155.07 0
   20.93  -156.48 0
   21.90  -159.58 0
   21.46  -158.18 0
   19.70  -155.07 0
   28.22  -177.37 0
   21.97  -159.33 0
   28.22  -177.37 0
   21.95  -159.35 0
   19.70  -155.07 0
   19.70  -155.07 0
   21.32  -157.83 0
   20.93  -156.48 0
   21.50  -158.00 0
   20.07  -155.45 0
   19.70  -155.07 0
   20.93  -156.48 0
   19.70  -155.07 0
    1.98   157.48 0
   19.70  -155.07 0
   21.32  -157.83 0
   21.95  -159.35 0
   20.93  -156.48 0
   19.73  -155.05 0
   19.37  -154.97 0
   21.32  -157.83 0
   19.35  -154.98 0
   21.32  -157.83 0
   19.57  -155.97 0
   21.32  -157.83 0
   19.10  -153.55 0
   20.93  -156.48 0
   22.21  -159.55 0
   19.70  -155.07 0
   21.32  -157.83 0
   19.13  -155.50 0
   20.93  -156.48 0
   21.32  -157.83 0
   20.93  -156.48 0
   21.30  -157.67 0
   20.93  -156.48 0
   28.22  -177.43 0
   19.70  -155.07 0
   21.32  -157.83 0
   21.32  -157.83 0
   22.00  -159.50 0
   28.22  -177.43 0
   21.97  -159.33 0
   20.93  -156.48 0
   19.18  -155.50 0
   20.38  -156.67 0
   19.70  -155.07 0
   20.38  -156.67 0
   21.32  -157.83 0
   28.22  -177.43 0
   19.25  -155.20 0
   19.70  -155.07 0
   21.32  -157.83 0
   21.32  -157.83 0
   18.97  -155.62 0
   19.52  -155.93 0
   21.97  -159.33 0
   19.13  -155.50 0
   19.10  -155.55 0
   19.70  -155.07 0
   19.70  -155.07 0
   20.93  -156.48 0
   21.95  -159.67 0
   20.18  -155.92 0
   20.07  -155.45 0
   21.30  -157.87 0
    1.98   157.48 0
   21.95  -159.67 0
   19.34  -155.00 0
   19.70  -155.07 0
   16.75  -169.52 0
   21.70  -158.00 0
   21.43  -157.78 0
   19.72  -155.98 0
   19.70  -155.07 0
   28.22  -177.43 0
   21.43  -157.80 0
   21.97  -159.33 0
   19.52  -155.93 0
   28.22  -177.43 0
   19.60  -155.03 0
   19.57  -155.97 0
   19.72  -155.98 0
   21.32  -157.83 0
   19.35  -154.98 0
   20.03  -155.83 0
   19.70  -155.07 0
   21.97  -159.33 0
   21.32  -157.83 0
   21.32  -157.83 0
   20.00  -155.25 0
   19.70  -155.07 0
   20.93  -156.48 0
   28.22  -177.43 0
   20.18  -155.92 0
   28.22  -177.37 0
   19.70  -155.07 0
   19.70  -155.07 0
   21.32  -157.83 0
   19.70  -155.07 0
   19.75  -155.10 0
   21.97  -159.33 0
   19.80  -155.13 0
   19.75  -155.10 0
   19.83  -155.10 0
   19.45  -154.85 0
   19.70  -155.07 0
   20.93  -156.48 0
   19.13  -155.50 0
   20.82  -156.52 0
   20.00  -156.50 0
   21.70  -158.02 0
   21.70  -158.00 0
   21.32  -157.83 0
   21.32  -157.83 0
   19.70  -155.07 0
   20.93  -156.48 0
   19.70  -155.07 0
   28.22  -177.43 0
   22.22  -156.50 0
   19.13  -155.50 0
   19.70  -155.07 0
   21.32  -157.83 0
   20.13  -155.60 0
   21.32  -157.83 0
   21.58  -158.13 0
   21.97  -159.33 0
   19.42  -155.92 0
   19.18  -155.90 0
   21.83  -160.18 0
   19.70  -155.07 0
   19.10  -155.55 0
   19.70  -155.07 0
   21.32  -157.83 0
   21.97  -159.33 0
   19.70  -155.07 0
   19.37  -155.99 0
   19.72  -155.98 0
   19.37  -154.97 0
   21.32  -157.83 0
   21.20  -156.98 0
   21.32  -157.83 0
   20.03  -155.83 0
   19.70  -155.07 0
   19.70  -155.07 0
   19.48  -155.92 0
   21.32  -157.83 0
   19.70  -155.07 0
   20.87  -156.67 0
   21.98  -159.38 0
   19.65  -154.98 0
   20.13  -158.60 0
   20.93  -156.48 0
   21.32  -157.83 0
   19.70  -155.07 0
   19.57  -155.97 0
   19.48  -155.92 0
   21.97  -159.33 0
   19.72  -155.98 0
   18.92  -155.68 0
   19.70  -155.07 0
   19.72  -155.98 0
   21.98  -159.43 0
    1.98   157.48 0
   19.70  -155.07 0
   20.93  -156.70 0
   28.22  -177.43 0
   20.21  -155.73 0
   19.42  -155.92 0
   19.70  -155.07 0
   19.70  -155.07 0
   19.70  -155.07 0
   21.32  -157.83 0
   19.10  -155.55 0
   19.72  -155.98 0
   21.97  -159.33 0
   20.82  -156.52 0
   21.58  -158.13 0
   19.85  -155.10 0
   20.80  -156.25 0
   19.70  -155.07 0
   19.83  -155.10 0
   19.70  -155.07 0
   21.32  -157.83 0
   20.27  -155.87 0
   28.22  -177.43 0
   21.60  -158.12 0
   19.35  -154.98 0
   20.93  -156.48 0
   20.93  -156.48 0
   22.08  -159.32 0
   20.03  -155.83 0
   19.37  -155.99 0
   19.90  -155.13 0
   21.50  -158.00 0
   19.70  -155.07 0
    1.98   157.48 0
   19.90  -155.13 0
   21.58  -158.30 0
   21.32  -157.83 0
   16.75  -169.52 0
   21.93  -159.63 0
   21.32  -157.83 0
   22.05  -159.55 0
   19.10  -155.55 0
   21.50  -158.00 0
   16.75  -169.52 0
   19.85  -155.10 0
   22.22  -159.55 0
   21.18  -156.00 0
   28.22  -177.43 0
  -13.80  -171.77 0
   18.92  -155.68 0
   21.50  -158.00 0
   19.70  -155.07 0
   21.32  -157.83 0
   20.57  -155.97 0
   19.38  -155.90 0
   21.28  -157.87 0
   21.32  -157.83 0
   21.45  -157.75 0
   21.32  -157.83 0
   19.48  -155.92 0
   20.93  -156.48 0
   19.70  -155.07 0
   20.03  -155.83 0
   21.97  -159.33 0
   21.32  -157.83 0
   20.82  -156.52 0
   21.90  -159.50 0
   19.43  -154.83 0
   20.82  -156.52 0
   21.32  -157.83 0
   20.21  -155.73 0
   21.32  -157.83 0
   19.70  -155.07 0
   22.22  -159.55 0
   21.32  -157.83 0
   20.93  -156.48 0
   21.15  -157.25 0
   19.70  -155.07 0
   21.32  -157.83 0
   21.58  -158.13 0
   19.70  -155.07 0
   21.30  -157.87 0
   19.70  -155.07 0
   20.75  -156.00 0
  -19.27   146.83 1
  -13.80  -171.75 1
  -41.28   174.78 1
  -14.27  -171.72 1
   17.53  -149.57 1
  -46.64   168.35 1
  -41.28   174.78 1
  -35.00   173.57 1
  -45.82   170.65 1
  -36.92   174.78 1
  -14.27  -171.72 1
  -14.05  -171.60 1
  -13.80  -171.75 1
  -14.27  -170.72 1
  -13.80  -171.75 1
  -13.80  -171.75 1
  -16.90   168.57 1
  -17.92   122.22 1
  -16.24   122.56 1
  -43.83   172.98 1
  -13.80  -171.75 1
   13.43   144.66 1
    9.51   138.14 1
  -43.62   172.72 1
   22.27   166.43 1
  -41.60   171.90 1
  -27.15  -109.45 1
  -20.65   116.80 1
    7.45   151.85 1
  -14.30  -170.70 1
  -15.60   177.00 1
  -14.27  -171.72 1
  -14.27  -171.72 1
  -10.45   161.93 1
   -1.00    90.92 1
  -33.92   151.17 1
  -31.53   159.07 1
  -41.28   174.78 1
    7.45   151.85 1
  -14.27  -171.72 1
  -18.13   178.42 1
  -41.63   175.33 1
    6.50   134.15 1
   -0.30   -91.00 1
   17.53  -149.57 1
  -21.18   159.77 1
   30.30   153.15 1
  -38.68   178.02 1
  -43.40   172.67 1
  -14.28  -170.68 1
  -33.92   141.17 1
  -45.10   170.97 1
    7.33   134.46 1
  -13.80  -171.75 1
  -43.62   172.72 1
  -16.92   145.78 1
  -27.08  -109.33 1
   23.12  -134.95 1
    7.45   151.85 1
  -44.38   171.23 1
  -38.68   178.12 1
  -37.53   177.98 1
  -32.93   151.78 1
  -45.82   170.65 1
  -33.92   151.17 1
  -14.27  -171.72 1
  -33.92   151.17 1
  -43.62   172.72 1
   19.28  -166.62 1
  -46.64   168.35 1
  -43.40   172.67 1
  -45.82   170.65 1
  -43.62   172.72 1
  -19.70   174.50 1
  -20.24   169.75 1
  -13.80  -171.75 1
  -13.80  -171.75 1
  -14.30  -170.70 1
    7.45   151.85 1
  -13.80  -171.75 1
   26.80  -144.33 1
  -25.28   152.97 1
   -9.00  -139.50 1
   -2.82  -171.72 1
  -18.13   178.42 1
  -13.80  -171.75 1
  -27.45   153.07 1
   -2.82  -171.72 1
  -13.43  -171.75 1
  -33.80   151.27 1
   17.53  -149.57 1
   23.12  -134.95 1
  -20.35   116.85 1
   64.50   -60.00 1
  -13.92  -171.75 1
  -27.30   153.00 1
    7.45   151.85 1
  -43.62   172.72 1
  -41.28   173.28 1
  -14.27  -171.72 1
  -13.80  -171.75 1
   -2.82  -171.72 1
  -44.38   171.23 1
    7.45   151.85 1
  -32.11   115.75 1
    7.33   134.46 1
  -41.76   171.61 1
  -19.50   169.24 1
  -17.66   168.51 1
  -32.93   151.78 1
   25.07   130.10 1
  -38.07   140.70 1
  -19.27   146.83 1
  -13.80  -171.75 1
  -13.81  -171.75 1
  -13.80  -171.75 1
    7.33   134.46 1
  -17.30   146.81 1
  -14.27  -171.72 1
  -14.27  -171.72 1
   -0.30   -91.00 1
  -17.77   168.32 1
  -13.80  -171.75 1
  -43.83   172.98 1
    9.20   138.20 1
  -20.75   117.22 1
   -0.55   -90.28 1
  -18.00   178.00 1
  -37.70   176.18 1
    7.45   151.85 1
  -14.27  -171.72 1
  -18.00   178.00 1
  -38.00   177.30 1
  -27.45   153.07 1
  -18.13   178.42 1
  -18.13   178.42 1
  -18.36   174.00 1
  -39.48   176.97 1
  -42.88   147.33 1
  -29.42   153.37 1
   -2.80  -171.72 1
  -13.80  -171.75 1
  -14.27  -171.72 1
  -16.15   167.30 1
  -16.80   179.50 1
   -9.00  -140.00 1
  -45.10   170.97 1
  -11.70   166.83 1
  -28.87   153.58 1
  -13.80  -171.75 1
  -14.27  -171.72 1
   -0.90   -89.62 1
  -44.36   171.20 1
  -14.27  -171.72 1
    7.45   151.85 1
  -14.27  -171.72 1
  -16.92   145.78 1
    9.20   138.20 1
  -16.90   168.57 1
  -14.27  -171.72 1
  -14.27  -171.72 1
  -33.92   151.17 1
  -18.13   178.42 1
  -14.27  -171.72 1
  -14.27  -171.72 1
  -41.25   175.25 1
  -45.82   170.65 1
  -13.80  -171.75 1
  -14.27  -171.72 1
  -18.38   178.13 1
  -13.80  -171.75 1
    7.33   134.46 1
  -45.82   170.65 1
  -17.77   168.32 1
    9.20   138.20 1
   -9.00  -139.50 1
   -0.90   -89.62 1
  -45.78   170.67 1
  -41.28   174.78 1
  -14.27  -171.72 1
   17.67  -149.50 1
  -14.28  -170.70 1
    7.45   151.85 1
  -39.05   177.42 1
  -13.80  -171.75 1
    9.50   138.15 1
  -13.80  -171.75 1
    7.45   151.85 1
   23.12  -134.95 1
  -13.80  -171.75 1
   17.53  -149.57 1
  -13.80  -171.75 1
  -44.00   176.58 1
   -0.90   -89.62 1
  -16.92   145.78 1
  -27.45   153.07 1
  -29.07   167.95 1
  -14.27  -171.72 1
  -14.27  -171.72 1
   17.53  -149.57 1
  -37.70   176.18 1
   -9.00  -139.50 1
  -18.13   178.42 1
  -37.05   149.97 1
   21.90  -139.00 1
  -41.25   175.25 1
   -6.58   147.85 2
   -4.80   152.50 2
   -4.22   152.18 2
   -4.22   152.18 2
   -8.70   160.00 2
   -6.20   150.20 2
   11.37   162.35 2
   -5.52   151.50 2
   -5.50   151.52 2
  -11.00   162.50 2
   -1.00   136.00 2
   -5.80   148.40 2
  -11.00   162.50 2
   -4.22   152.18 2
   -7.10   155.60 2
   -4.22   152.18 2
   -4.22   152.18 2
   -4.30   152.20 2
  -36.85   174.78 2
   -5.43   154.68 2
   -6.58   147.85 2
   -9.80   160.00 2
   -1.67   144.02 2
   -8.70   160.00 2
   -7.00   157.00 2
    7.37   151.88 2
   -4.22   152.18 2
  -45.88   170.55 2
   -4.22   152.18 2
   -7.10   155.60 2
   -9.05   159.20 2
   -6.50   155.20 2
  -37.70   176.18 2
   -4.22   152.18 2
   -7.40   159.95 2
  -35.27   174.10 2
   -4.22   152.18 2
   -1.38   144.25 2
  -35.72   174.30 2
   -6.25   155.06 2
  -11.50   160.00 2
    3.63   125.50 3
   -5.47   105.27 3
   -2.02   125.97 3
   -1.53   124.92 3
    4.30   126.90 3
   -4.51   129.89 3
   -0.65   119.68 3
   -0.90   119.87 3
   -4.52   129.83 3
   -6.03   105.95 3
   -8.40   118.73 3
   -3.92   122.67 3
   -0.90   119.87 3
    3.94   126.68 3
   -3.00   129.00 3
   -7.90   110.00 3
   -4.52   129.83 3
   -7.02   113.85 3
   -6.13   106.75 3
   -4.51   129.89 3
    1.39   125.04 3
   -0.10   119.83 3
   -3.32   128.93 3
   -3.68   128.17 3
   -3.21   127.09 3
   -5.47   105.27 3
   -3.68   128.17 3
   -4.51   129.89 3
   -3.52   128.62 3
    1.37   125.08 3
   -3.68   128.17 3
    5.39    95.91 3
   -5.47   105.27 3
   -7.80   127.42 3
   -5.92   106.00 3
   -0.38   120.02 3
   -0.60   119.72 3
   -2.50   127.50 3
   -0.82   120.17 3
    4.15   126.48 3
   -8.45   117.45 3
   -6.00   105.75 3
   -3.17   127.72 3
   -8.40   118.73 3
   -3.68   128.17 3
    2.38   125.39 3
    0.80   127.60 3
   -8.25   123.30 3
    3.00   125.50 3
   -3.33   129.47 3
   -3.45   130.00 3
   -8.40   118.00 3
   -6.03   105.95 3
   -8.25   123.30 3
   23.57   119.55 4
   13.43   144.65 4
    8.74   167.74 4
   25.15   121.75 4
   23.97   121.62 4
    7.80   123.70 4
   33.75   118.29 4
   13.43   144.65 4
    8.73   167.73 4
    6.50   127.00 4
    8.74   167.74 4
   13.15   123.75 4
   25.15   121.75 4
   13.50   144.75 4
    5.82   125.20 4
    6.62   124.05 4
    7.50   122.97 4
   25.17   121.43 4
    8.74   167.74 4
    8.74   167.74 4
   23.98   121.62 4
    7.32   124.05 4
   23.00   120.09 4
    6.50   124.07 4
   13.43   144.65 4
   13.43   144.65 4
   13.43   144.65 4
   11.25   125.00 4
    8.74   167.74 4
   13.95   122.23 4
    8.74   167.74 4
   11.35   161.35 4
   -3.46   119.05 4
    6.96   125.18 4
   16.05   120.22 4
   13.43   144.63 4
    8.43   126.23 4
   22.62   120.28 4
   13.50   144.75 4
    7.33   134.46 4
   13.43   144.65 4
    7.83   123.50 4
   25.15   121.75 4
   23.13   113.33 4
    8.74   167.74 4
    9.51   138.14 4
    6.05   121.02 4
   13.15   123.75 4
   23.97   121.62 4
   11.37   162.35 4
    6.95   122.02 4
    8.74   167.74 4
    7.20   123.50 4
    8.74   167.74 4
    8.74   167.74 4
   13.15   123.75 4
    8.74   167.74 4
   22.30   114.18 4
   16.31   122.17 4
   14.41   120.58 4
   34.62   137.11 5
   35.15   135.63 5
   34.46   136.85 5
   43.01   144.79 5
   42.95   144.08 5
   34.67   138.92 5
   39.76   141.95 5
   35.39   139.94 5
   39.03   141.87 5
   35.74   140.84 5
   55.20   166.20 5
   35.32   139.48 5
   33.50   133.44 5
   44.67   142.42 5
   37.12   138.24 5
   40.63   139.95 5
   39.76   141.95 5
   34.10   136.27 5
   33.37   134.15 5
   34.22   136.40 5
   34.93   139.83 5
   27.88   128.94 5
   39.37   141.88 5
   39.06   141.35 5
   34.73   137.88 5
   35.31   139.83 5
   39.37   141.88 5
   42.48   143.43 5
   32.80   130.33 5
   35.54   140.02 5
   40.39   141.77 5
   32.35   127.96 5
   39.76   141.95 5
   35.54   139.86 5
   50.70   156.20 5
   35.00   139.50 5
   40.50   141.50 5
   39.37   141.88 5
   38.30   141.50 5
   35.19   136.96 5
   33.51   133.44 5
   39.63   141.95 5
   33.47   135.79 5
   39.30   141.88 5
   34.25   136.85 5
   34.01   134.80 5
   34.67   138.92 5
   38.92   141.69 5
   38.78   139.77 5
   34.07   136.23 5
   38.72   141.45 5
   32.44   131.68 5
   40.52   141.55 5
   39.89   141.96 5
   33.50   134.27 5
   33.90   136.12 5
   35.02   139.05 5
   38.30   141.50 5
   33.59   133.55 5
   24.35   124.12 5
   34.48   136.85 5
   34.63   138.18 5
   33.94   134.67 5
   35.63   138.88 5
   34.67   138.92 5
   34.20   136.34 5
   43.37   145.60 5
   35.72   140.83 5
   38.13   140.87 5
   38.10   138.44 5
   34.34   134.88 5
   35.97   123.67 5
   34.48   136.71 5
   34.67   136.18 5
   32.80   130.35 5
   36.18   133.20 5
   33.57   134.30 5
   34.61   138.24 5
   35.27   139.65 5
   43.00   144.87 5
   33.33   133.67 5
   32.44   131.68 5
   42.25   140.50 5
   42.17   139.97 5
   34.80   139.88 5
   39.63   141.98 5
   40.52   141.55 5
   33.51   133.44 5
   38.13   140.87 5
   42.32   141.98 5
   24.35   124.14 5
   33.67   134.42 5
   33.37   134.15 5
   37.28   137.25 5
   38.45   141.47 5
   38.44   131.68 5
   38.30   141.50 5
   33.17   140.31 5
   32.77   129.86 5
   38.30   141.50 5
   32.44   131.68 5
   34.98   140.29 5
   32.62   130.44 5
   34.97   139.07 5
   35.72   140.83 5
   33.28   131.50 5
   33.47   135.78 5
   33.33   133.25 5
   39.07   141.72 5
   41.77   140.73 5
   39.48   141.95 5
   43.74   142.05 5
   35.74   140.84 5
   36.08   136.49 5
   33.95   136.22 5
   39.30   141.87 5
   34.66   137.27 5
   35.30   139.65 5
   34.07   136.20 5
   44.00   144.26 5
   38.30   141.50 5
   26.97   132.20 5
   34.13   136.27 5
   34.25   136.52 5
   35.56   139.52 5
   33.98   136.23 5
   34.68   137.62 5
   34.69   136.97 5
   33.47   135.78 5
   33.71   135.98 5
   38.30   141.50 5
   35.72   140.83 5
   40.50   141.50 5
   34.27   136.87 5
   39.63   141.95 5
   42.25   140.25 5
   33.54   133.91 5
   41.28   141.17 5
   33.31   134.15 5
   33.80   136.03 5
   33.70   135.40 5
   39.07   141.72 5
   41.25   141.15 5
   38.45   141.47 5
   39.74   142.00 5
   41.52   140.27 5
   38.00   140.92 5
   33.97   136.22 5
   34.77   139.42 5
   33.82   136.05 5
   42.26   143.33 5
   31.65   131.37 5
   26.97   132.20 5
   34.20   135.17 5
   34.75   134.90 5
   44.67   142.42 5
   33.92   136.17 5
   34.07   136.23 5
   34.82   137.24 5
   33.97   136.18 5
   44.67   142.42 5
   42.97   144.40 5
   33.77   134.62 5
   33.88   136.10 5
   34.69   136.54 5
   24.10   141.40 5
   34.00   136.22 5
   26.35   127.78 5
   33.92   136.08 5
   34.25   132.56 5
   42.97   144.40 5
   37.05   140.89 5
   33.88   136.10 5
   32.44   131.68 5
   34.00   136.22 5
   39.76   141.95 5
   33.63   134.38 5
   31.27   130.31 5
   34.93   139.83 5
   31.93   131.45 5
   38.37   129.50 5
   41.81   140.75 5
   34.05   136.20 5
   35.50   140.50 5
   34.25   136.80 5
   41.25   141.17 5
   34.67   135.50 5
   34.88   139.08 5
   34.88   139.08 5
   36.20   139.70 5
   33.40   133.40 5
   35.50   133.88 5
   33.51   133.44 5
   44.67   142.42 5
   35.02   138.48 5
   40.16   141.70 5
   42.97   144.40 5
   33.97   136.20 5
   42.17   142.78 5
   44.67   142.42 5
   42.26   143.33 5
   39.30   141.87 5
   42.97   144.40 5
   39.83   141.86 5
   40.52   141.55 5
   42.17   142.83 5
   38.30   141.50 5
   36.29   138.24 5
   42.26   143.33 5
   35.54   139.86 5
   39.06   141.64 5
   38.45   141.47 5
   36.95   140.90 5
   44.67   142.42 5
   39.49   141.98 5
   33.76   134.53 5
   35.06   138.53 5
   34.82   135.44 5
   41.77   140.73 5
   44.00   144.26 5
   40.50   141.50 5
   33.22   130.35 5
   26.22   127.75 5
   34.90   139.90 5
   41.77   140.73 5
   42.97   144.40 5
   41.95   143.25 5
   35.50   139.90 5
   34.93   132.09 5
   34.01   134.80 5
   35.32   139.56 5
   38.50   141.00 5
   38.72   141.45 5
   42.98   144.44 5
   35.32   139.48 5
   33.57   134.30 5
   26.60   127.93 5
   34.67   138.92 5
   35.30   139.65 5
   33.71   135.98 5
   33.97   136.20 5
   39.73   141.98 5
   34.88   139.08 5
   39.49   141.98 5
   35.15   135.63 5
   38.30   141.50 5
   42.02   143.12 5
   32.44   131.68 5
   32.44   131.68 5
   34.17   135.22 5
   38.00   140.92 5
   34.82   138.14 5
   35.97   123.67 5
   39.07   141.72 5
   39.89   141.96 5
   38.45   141.47 5
   39.03   141.87 5
   31.65   131.37 5
   41.97   140.16 5
   28.37   129.49 5
   39.07   141.72 5
   33.47   135.78 5
   45.12   141.22 5
   38.32   141.00 5
   42.48   143.43 5
   39.30   141.87 5
   33.93   136.15 5
   34.34   134.88 5
   28.38   129.50 5
   35.69   139.75 5
   33.51   133.44 5
   42.25   140.24 5
   42.17   142.83 5
   34.20   135.17 5
   45.43   141.72 5
   35.30   139.65 5
   33.89   135.18 5
   41.88   140.16 5
   40.63   139.95 5
   41.52   140.27 5
   33.95   136.20 5
   35.67   139.77 5
   37.12   138.24 5
   35.15   139.80 5
   34.17   135.22 5
   33.03   133.07 5
   35.86   139.97 5
   38.95   139.83 5
   39.77   140.10 5
   37.42   136.89 5
   34.05   136.20 5
   34.67   138.92 5
   33.88   136.13 5
   38.52   139.53 5
   34.70   137.70 5
   34.93   132.09 5
   37.00   141.00 5
   38.79   139.77 5
   35.48   135.40 5
   34.68   137.62 5
   35.15   135.63 5
   36.95   140.90 5
   35.55   135.20 5
   26.97   132.20 5
   37.18   138.24 5
   37.92   139.07 5
   39.88   139.87 5
   33.22   130.35 5
   38.10   138.44 5
   33.38   133.30 5
   36.24   153.34 5
   34.60   135.50 5
   33.51   133.44 5
   33.51   133.44 5
   33.21   132.57 5
   34.05   136.20 5
   34.07   136.20 5
   33.06   133.10 5
   31.27   130.31 5
   35.02   138.48 5
   34.05   136.20 5
   34.46   136.85 5
   36.98   140.97 5
   44.00   144.26 5
   45.43   141.72 5
   44.00   144.29 5
   31.65   131.37 5
   38.30   141.50 5
   35.30   139.48 5
   40.50   141.50 5
   39.07   141.72 5
   34.67   138.92 5
   43.07   145.13 5
   33.59   133.55 5
   33.47   135.78 5
   39.30   141.87 5
   39.63   141.95 5
   43.37   145.60 5
   36.34   140.59 5
   36.95   140.90 5
   35.95   137.27 5
   43.85   146.78 5
   38.30   141.50 5
   34.92   136.98 5
   33.51   133.44 5
   38.72   141.45 5
   45.43   141.72 5
   35.30   139.48 5
   40.22   140.00 5
   38.10   138.44 5
   35.45   139.65 5
   34.66   133.99 5
   42.83   143.82 5
   39.30   141.87 5
   35.69   140.00 5
   35.31   139.83 5
   34.69   136.54 5
   35.04   139.17 5
   42.26   143.33 5
   26.22   127.71 5
   31.65   131.37 5
   40.50   141.50 5
   44.67   142.42 5
   34.07   136.20 5
   35.02   138.48 5
   35.11   140.10 5
   38.45   141.47 5
   36.95   140.90 5
   34.05   136.20 5
   33.51   133.44 5
   42.17   142.83 5
   42.26   143.33 5
   42.97   144.40 5
   43.37   145.60 5
   33.45   135.75 5
   31.65   131.37 5
   40.63   139.95 5
   32.44   131.68 5
   32.81   131.92 5
   33.03   133.07 5
   39.98   139.77 5
   33.59   133.55 5
   35.27   139.22 5
   33.47   135.78 5
   31.27   130.31 5
   24.10   141.40 5
   33.30   134.18 5
   34.20   136.33 5
   28.38   129.50 5
   30.74   131.00 5
   30.74   131.00 5
   32.60   131.67 5
   33.90   136.12 5
   33.24   131.63 5
   34.05   136.20 5
   32.97   131.89 5
   33.51   133.44 5
   35.02   138.48 5
   32.95   132.72 5
   34.34   134.88 5
   34.08   131.82 5
   33.51   133.44 5
   33.08   131.86 5
   33.11   131.82 5
   33.21   132.57 5
   34.20   135.17 5
   34.23   135.18 5
   33.46   132.44 5
   39.03   141.87 5
   43.01   144.79 5
   40.79   140.73 5
   38.30   141.50 5
   41.95   143.25 5
   41.46   141.51 5
   35.72   140.83 5
   35.30   139.48 5
   41.88   140.16 5
   40.01   141.90 5
   40.50   141.50 5
   44.67   142.42 5
   42.87   142.46 5
   42.26   143.33 5
   36.62   140.65 5
   42.02   143.21 5
   38.50   141.26 5
   39.30   141.87 5
   34.82   138.14 5
   31.65   131.37 5
   40.16   141.78 5
   42.97   144.40 5
   34.93   139.83 5
   34.69   136.97 5
   40.71   141.44 5
   34.12   139.55 5
   39.07   141.72 5
   40.58   141.43 5
   42.11   140.59 5
   42.32   141.98 5
   32.68   135.18 5
   34.20   136.33 5
   35.27   139.65 5
   39.07   141.72 5
   41.92   141.18 5
   39.13   141.82 5
   41.56   140.92 5
   39.89   141.96 5
   38.45   141.47 5
   38.45   141.47 5
   34.05   136.20 5
   42.14   142.95 5
   38.32   141.01 5
   42.48   143.43 5
   42.95   144.08 5
   38.72   141.45 5
   39.38   141.57 5
   43.00   143.30 5
   42.62   141.62 5
   41.08   141.42 5
   41.08   141.42 5
   42.17   142.78 5
   35.07   135.54 5
   39.49   141.98 5
   40.70   141.42 5
   35.46   139.62 5
   35.30   139.65 5
   34.92   136.98 5
   38.30   141.50 5
   35.30   139.48 5
   44.67   142.42 5
   39.30   141.87 5
   42.97   144.40 5
   34.63   138.91 5
   38.10   138.27 5
   41.81   140.75 5
   42.17   142.83 5
   39.07   141.72 5
   43.01   144.79 5
   38.30   141.50 5
   40.50   141.50 5
   44.67   142.42 5
   42.26   143.33 5
   35.72   140.83 5
   40.50   141.50 5
   32.44   131.68 5
   42.90   145.00 5
   40.50   141.50 5
   44.67   142.42 5
   43.14   145.10 5
   38.92   141.69 5
   42.26   143.33 5
   42.97   133.88 5
   33.47   135.78 5
   42.97   144.40 5
   34.93   139.83 5
   39.37   141.88 5
   43.80   147.00 5
   39.76   141.97 5
   40.16   141.78 5
   41.08   141.42 5
   34.93   139.83 5
   34.63   138.91 5
   36.35   140.46 5
   33.47   135.78 5
   33.37   134.15 5
   34.20   136.33 5
   28.38   129.50 5
   34.61   138.23 5
   34.05   136.20 5
   33.51   133.44 5
   33.47   135.78 5
   34.93   139.83 5
   33.51   133.44 5
   32.81   131.92 5
   33.37   134.15 5
   33.90   136.12 5
   33.51   133.44 5
   33.46   132.44 5
   44.00   144.26 5
   38.30   141.50 5
   35.72   140.83 5
   40.50   141.50 5
   44.67   142.42 5
   42.26   143.33 5
   39.30   141.87 5
   38.90   141.57 5
   33.47   135.78 5
   42.97   144.40 5
   34.93   139.83 5
   39.63   141.95 5
   39.63   141.95 5
   33.37   134.15 5
   43.37   145.60 5
   39.07   141.72 5
   38.45   141.47 5
   33.51   133.44 5
   42.17   142.78 5
   45.43   141.72 5
   38.30   141.50 5
   42.26   143.33 5
   33.51   133.44 5
   31.65   131.37 5
   33.50   132.65 5
   41.52   140.27 5
   32.44   131.68 5
   32.81   131.92 5
   33.03   133.07 5
   33.59   133.55 5
   35.27   139.22 5
   33.47   135.78 5
   34.93   139.83 5
   24.10   141.40 5
   33.37   134.15 5
   33.31   134.15 5
   28.37   129.49 5
   33.90   136.12 5
   38.90   141.57 5
   32.95   132.72 5
   33.51   133.44 5
   33.51   133.44 5
   24.10   141.40 5
   33.46   132.44 5
   33.47   135.78 5
   36.95   140.90 5
   36.95   140.90 5
   34.05   136.20 5
   38.11   138.46 5
   42.26   143.33 5
   39.07   141.72 5
   42.17   142.78 5
   44.00   144.26 5
   41.88   140.16 5
   44.38   141.72 5
   42.96   140.53 5
   44.38   143.22 5
   43.18   141.00 5
   45.45   141.00 5
   45.25   141.15 5
   43.96   141.68 5
   44.89   141.78 5
   45.43   141.72 5
   45.43   141.72 5
   24.36   124.15 5
   33.47   135.78 5
   34.93   139.83 5
   34.61   138.23 5
   36.95   140.90 5
   34.05   136.20 5
   33.45   135.75 5
   35.05   139.88 5
   31.65   131.37 5
   38.30   141.50 5
   24.35   124.12 5
   33.59   133.55 5
   33.47   135.78 5
   33.47   135.78 5
   39.63   141.95 5
   33.37   134.15 5
   28.37   129.49 5
   38.32   141.00 5
   33.51   133.44 5
   39.63   141.95 5
   42.32   141.98 5
   32.68   135.18 5
   33.51   133.44 5
   36.95   140.90 5
   39.38   141.57 5
   42.17   142.78 5
   31.65   131.37 5
   34.61   138.24 5
   33.45   135.75 5
   35.05   139.80 5
   38.30   141.50 5
   40.50   141.50 5
   44.67   142.42 5
   43.14   145.10 5
   42.26   143.33 5
   42.97   144.40 5
   43.37   145.60 5
   39.07   141.72 5
   36.95   140.90 5
   43.85   146.78 5
   43.00   143.30 5
   42.17   142.78 5
   38.30   141.50 5
   40.50   141.50 5
   42.26   143.33 5
   42.97   144.40 5
   39.63   141.95 5
   39.07   141.72 5
   43.85   146.78 5
   42.17   142.78 5
   24.10   141.40 5
   34.61   138.23 5
   28.25   129.45 5
   42.26   143.33 5
   28.37   129.49 5
   44.00   144.26 5
   26.97   132.20 5
   35.15   139.80 5
   40.50   141.50 5
   42.26   143.33 5
   42.97   144.40 5
   39.07   141.72 5
   31.65   131.37 5
   33.47   135.78 5
   43.85   146.78 5
   31.65   131.37 5
   38.30   141.50 5
   26.97   132.20 5
   35.72   140.83 5
   33.47   135.78 5
   42.97   144.40 5
   34.93   139.83 5
   39.63   141.95 5
   33.37   134.15 5
   33.31   134.15 5
   34.61   138.23 5
   36.95   140.90 5
   33.51   133.44 5
   31.65   131.37 5
   38.30   141.50 5
   26.97   132.20 5
   44.67   142.42 5
   42.26   143.33 5
   36.62   140.65 5
   42.98   144.44 5
   34.93   139.83 5
   24.10   141.40 5
   34.10   139.54 5
   39.63   141.95 5
   33.37   134.15 5
   26.22   127.75 5
   34.61   138.23 5
   36.95   140.90 5
   34.06   136.21 5
   33.51   133.44 5
   42.17   142.78 5
   26.97   132.20 5
   33.47   135.78 5
   34.93   139.83 5
   33.37   134.15 5
   33.51   133.44 5
   34.97   139.07 5
   34.93   139.83 5
   24.10   141.40 5
   34.75   139.42 5
   35.30   139.48 5
   34.97   139.07 5
   34.93   139.83 5
   24.10   141.40 5
   34.12   139.55 5
   35.31   139.41 5
   34.78   139.40 5
   34.78   139.42 5
   34.78   139.40 5
   33.45   135.75 5
   35.05   139.88 5
   44.00   144.26 5
   26.97   132.20 5
   40.50   141.50 5
   42.26   143.33 5
   42.97   144.40 5
   42.17   142.78 5
   44.00   144.26 5
   38.30   141.50 5
   26.97   132.20 5
   40.50   141.50 5
   42.26   143.33 5
   42.97   144.40 5
   39.63   141.95 5
   43.00   143.30 5
   38.30   141.50 5
   35.30   139.48 5
   40.50   141.50 5
   42.26   143.33 5
   38.50   141.26 5
   39.30   141.87 5
   38.90   141.57 5
   42.97   144.40 5
   39.63   141.95 5
   39.63   141.95 5
   39.07   141.72 5
   38.45   141.47 5
   38.28   140.89 5
   38.32   141.00 5
   42.48   143.43 5
   42.62   141.62 5
   24.35   124.12 5
   38.30   141.50 5
   35.30   139.48 5
   40.50   141.50 5
   42.26   143.33 5
   40.16   141.78 5
   39.63   141.95 5
   39.07   141.72 5
   36.95   140.90 5
   42.17   142.78 5
   26.97   132.20 5
   40.50   141.50 5
   34.05   136.20 5
   32.81   131.92 5
   38.90   141.57 5
   35.27   139.22 5
   33.47   135.78 5
   34.93   139.83 5
   24.10   141.40 5
   33.37   134.15 5
   28.38   129.50 5
   30.74   131.00 5
   34.61   138.23 5
   36.95   140.90 5
   35.31   139.41 5
   42.48   143.43 5
   33.51   133.44 5
   42.17   142.78 5
   31.65   131.37 5
   32.81   131.92 5
   33.59   133.55 5
   34.98   140.29 5
   35.27   139.22 5
   35.15   139.13 5
   34.93   139.83 5
   24.10   141.40 5
   34.12   139.55 5
   35.31   139.41 5
   43.78   139.40 5
   34.78   139.42 5
   26.97   132.20 5
   42.26   143.33 5
   42.16   142.84 5
   38.30   141.50 5
   35.30   139.48 5
   40.50   141.50 5
   42.26   143.33 5
   36.62   140.65 5
   38.50   141.26 5
   39.30   141.87 5
   38.90   141.57 5
   42.97   144.40 5
   34.93   139.83 5
   39.63   141.95 5
   39.07   141.72 5
   36.95   140.90 5
   38.32   141.00 5
   42.17   142.78 5
   38.30   141.50 5
   35.30   139.48 5
   41.95   143.25 5
   40.50   141.50 5
   42.26   143.33 5
   39.30   141.87 5
   40.16   141.78 5
   42.97   144.40 5
   39.63   141.95 5
   42.32   141.98 5
   39.07   141.72 5
   42.62   141.62 5
   42.17   142.78 5
   38.30   141.50 5
   35.72   140.83 5
   36.62   140.65 5
   39.30   141.87 5
   34.93   139.83 5
   36.95   140.90 5
   35.15   139.80 5
   39.73   140.08 5
   40.22   140.00 5
   39.88   139.87 5
   35.92   136.17 5
   39.73   140.08 5
   38.48   139.25 5
   41.88   140.16 5
   40.63   139.95 5
   42.96   140.53 5
   35.48   135.40 5
   40.22   140.00 5
   39.88   139.87 5
   38.09   138.44 5
   34.60   135.50 5
   38.95   139.83 5
   43.37   145.60 5
   33.31   134.15 5
   32.60   131.67 5
   35.02   138.48 5
   35.15   139.80 5
   38.50   141.26 5
   36.95   140.90 5
   35.05   139.88 5
   42.97   144.40 5
   39.63   141.95 5
   43.37   145.60 5
   26.97   132.20 5
   40.50   141.50 5
   38.50   141.26 5
   42.97   144.40 5
   24.80   125.28 5
   39.07   141.72 5
   36.95   140.90 5
   35.02   138.48 5
   38.50   141.26 5
   39.07   141.72 5
   36.95   140.90 5
   34.20   129.30 5
   42.17   142.78 5
   39.07   141.72 5
   33.45   135.75 5
   35.58   129.37 5
   37.23   129.35 5
   34.82   138.14 5
   33.59   133.55 5
   42.97   144.40 5
   33.47   135.78 5
   42.97   144.40 5
   34.93   139.83 5
   26.50   128.00 5
   34.61   138.23 5
   36.95   140.90 5
   34.05   136.20 5
   42.48   143.43 5
   38.45   141.47 5
   35.15   139.88 5
   33.47   135.78 5
   34.93   139.83 5
   36.95   140.90 5
   34.05   136.20 5
   42.62   141.62 5
   33.51   133.44 5
   42.17   142.78 5
   34.20   135.17 5
   35.30   139.65 5
   33.90   136.12 5
   41.23   141.17 5
   34.67   135.50 5
   34.75   139.42 5
   34.05   136.20 5
   39.30   141.87 5
   42.97   144.40 5
   39.73   141.98 5
   42.32   141.98 5
   38.45   141.47 5
   36.95   140.90 5
   35.15   139.80 5
   37.00   141.00 5
   37.00   141.00 5
   19.28  -166.62 5
   39.38   141.57 5
   42.17   142.83 5
   35.39   140.03 5
   36.95   140.90 5
   33.97   130.95 5
   40.50   141.50 5
   39.30   142.00 5
   26.50   128.00 5
   35.12   139.07 5
   34.95   139.58 5
   35.15   139.80 5
   34.75   139.92 5
   35.32   139.55 5
   35.11   140.10 5
   19.28  -166.62 5
   35.32   139.48 5
   35.17   140.33 5
   35.15   140.18 5
   35.25   141.72 5
   33.95   130.97 5
   34.67   138.98 5
   38.45   141.60 5
   34.52   136.37 5
   35.05   139.88 5
   34.46   136.85 5
   35.50   140.00 5
   35.53   134.78 5
   35.54   140.02 5
   39.30   141.88 5
   45.00   148.00 5
   33.17   129.72 5
   35.02   138.48 5
   34.67   138.92 5
   38.32   141.00 5
   40.39   141.77 5
   26.25   127.31 5
   35.67   139.78 5
   38.30   141.50 5
   36.18   133.20 5
   24.80   125.28 5
   39.63   141.95 5
   38.50   141.50 5
   40.50   141.50 5
   39.63   141.95 5
   35.72   140.83 5
   25.20   141.30 5
   35.30   137.76 5
   36.95   140.90 5
   38.30   141.50 5
   35.72   140.83 5
   36.34   140.59 5
   34.93   136.83 5
   42.26   143.33 5
   38.50   141.26 5
   36.95   140.90 5
   35.70   139.40 5
   31.65   131.37 5
   33.59   133.55 5
   33.47   135.78 5
   33.47   135.78 5
   35.02   138.48 5
   33.45   135.75 5
   33.51   133.44 5
   19.28  -166.62 5
   30.74   131.00 5
   35.72   140.83 5
   41.52   140.27 5
   40.50   141.50 5
   44.67   142.42 5
   32.44   131.68 5
   33.46   132.44 5
   31.65   131.37 5
   32.44   131.68 5
   38.90   141.57 5
   28.38   129.50 5
   42.97   144.40 5
   38.00   140.94 5
   42.26   143.33 5
   31.93   131.45 5
   41.23   141.17 5
   33.48   133.44 5
   34.63   138.18 5
   33.95   136.22 5
   33.34   133.28 5
   33.55   135.50 5
   33.75   134.54 5
   33.75   134.54 5
   33.74   135.38 5
   33.48   135.72 5
   34.06   134.56 5
   35.72   140.83 5
   39.48   141.95 5
   33.51   133.44 5
   31.26   131.08 5
   33.53   131.37 5
   34.20   135.17 5
   33.77   134.60 5
   34.28   134.95 5
   44.38   141.72 5
   42.25   141.15 5
   43.18   141.00 5
   19.28  -166.62 5
   34.75   134.90 5
   33.47   135.78 5
   33.51   133.44 5
   40.79   140.73 5
   38.90   141.57 5
   39.63   141.95 5
   38.30   141.50 5
   40.16   141.78 5
   35.72   140.83 5
   35.15   139.80 5
   43.01   144.79 5
   41.81   140.75 5
   39.37   141.88 5
   42.87   142.46 5
   35.27   139.22 5
   42.02   143.21 5
   21.37   155.99 5
   38.50   141.26 5
   34.97   139.07 5
   39.30   141.87 5
   34.05   136.20 5
   43.07   145.13 5
   35.15   135.63 5
   42.97   144.40 5
   35.27   139.65 5
   35.30   139.35 5
   34.97   139.07 5
   39.63   141.95 5
   44.38   143.22 5
   40.58   141.43 5
   19.28  -166.62 5
   19.28  -166.62 5
   41.31   141.23 5
   38.00   140.92 5
   39.07   141.72 5
   19.28  -166.62 5
   42.97   144.40 5
   36.95   140.90 5
   35.25   139.87 5
   34.92   136.98 5
   34.92   136.98 5
   39.03   141.87 5
   42.14   142.95 5
   38.45   141.47 5
   36.95   140.90 5
   19.28  -166.62 5
   42.48   143.43 5
   38.72   141.45 5
   42.34   142.43 5
   37.05   136.77 5
   39.76   141.97 5
   43.00   143.30 5
   19.28  -166.62 5
   38.45   141.47 5
   42.17   142.78 5
   41.99   143.19 5
   33.21   132.57 5
   35.07   135.54 5
   44.67   142.42 5
   35.46   139.62 5
   40.50   141.50 5
   35.15   139.80 5
   35.15   139.80 5
   35.15   139.80 5
   34.92   136.98 5
   38.30   141.50 5
   44.67   142.42 5
   38.50   141.26 5
   40.16   141.78 5
   33.47   135.78 5
   19.28  -166.62 5
   40.79   140.73 5
   41.88   140.16 5
   38.30   141.50 5
   35.72   140.83 5
   33.47   135.78 5
   45.25   141.15 5
   35.17   140.31 5
   19.28  -166.62 5
   33.47   135.78 5
   32.24   131.63 5
   39.63   141.95 5
   35.72   140.83 5
   34.75   139.42 5
   33.21   132.57 5
   34.67   138.92 5
   33.51   133.44 5
   34.69   136.54 5
   34.69   136.54 5
   38.30   141.50 5
   40.50   141.50 5
   36.95   140.90 5
   26.97   132.20 5
   31.65   131.37 5
   40.50   141.50 5
   44.67   142.42 5
   42.26   143.33 5
   33.59   133.55 5
   34.01   134.80 5
   33.47   135.78 5
   42.97   144.40 5
   33.47   135.78 5
   35.15   135.63 5
   33.51   133.44 5
   42.25   140.25 5
   31.65   131.37 5
   32.44   131.68 5
   25.15   121.75 5
   19.28  -166.62 5
   33.47   135.78 5
   32.68   135.18 5
   44.67   141.42 5
   38.90   141.57 5
   38.30   141.50 5
   35.71   140.16 5
   35.72   140.83 5
   42.97   144.40 5
   39.42   140.06 5
   26.35   127.78 5
   38.45   141.47 5
   35.95   137.27 5
   34.05   136.20 5
   34.37   136.88 5
   24.10   141.40 5
   38.30   141.50 5
   42.17   142.78 5
   40.50   141.50 5
   38.30   141.50 5
   26.28   127.81 5
   39.30   141.87 5
   39.63   141.95 5
   36.34   140.59 5
   36.95   140.90 5
   38.30   141.50 5
   35.72   140.83 5
   35.30   139.48 5
   39.30   141.87 5
   39.63   141.95 5
   36.34   140.59 5
   36.95   140.90 5
   38.30   141.50 5
   35.30   139.48 5
   40.50   141.50 5
   40.50   141.50 5
   34.97   139.07 5
   35.32   139.55 5
   39.63   141.95 5
   34.82   138.14 5
   34.81   139.08 5
   34.98   140.29 5
   38.30   141.50 5
   40.50   141.50 5
   36.95   140.90 5
   36.95   140.90 5
   33.47   135.78 5
   34.97   139.12 5
   44.67   142.42 5
   35.72   140.83 5
   34.93   139.83 5
   35.22   139.65 5
   44.67   142.42 5
   34.70   137.70 5
   32.44   131.68 5
   39.27   141.90 5
   33.59   133.55 5
   33.20   130.35 5
   42.97   144.40 5
   35.48   135.40 5
   31.27   130.31 5
   34.93   139.83 5
   39.63   141.95 5
   31.93   131.45 5
   44.38   143.22 5
   42.48   143.43 5
   34.05   136.20 5
   34.57   139.76 5
   38.45   141.47 5
   34.46   136.85 5
   38.32   141.00 5
   35.72   140.83 5
   38.45   141.47 5
   34.00   136.22 5
   35.04   139.09 5
   35.30   139.65 5
   35.23   139.65 5
   35.12   139.07 5
   34.97   139.07 5
   35.32   139.56 5
   34.46   136.85 5
   34.57   139.76 5
   35.68   135.03 5
   34.63   138.91 5
   37.92   139.05 5
   40.16   141.70 5
   35.87   135.08 5
   41.08   141.42 5
   38.50   141.26 5
   38.95   139.83 5
   39.77   140.10 5
   38.45   141.60 5
   38.45   141.47 5
   40.50   141.50 5
   38.50   141.26 5
   36.95   140.90 5
   33.47   135.78 5
   36.95   140.90 5
   40.50   141.50 5
   43.18   141.00 5
   37.93   138.48 5
   36.22   136.17 5
   34.63   138.91 5
   32.44   131.68 5
   34.98   140.29 5
   33.37   134.15 5
   44.76   141.81 5
   44.89   141.78 5
   44.32   141.69 5
   33.21   132.57 5
   35.15   135.63 5
   32.75   132.65 5
   33.51   133.44 5
   38.95   139.83 5
   36.98   140.97 5
   39.77   140.10 5
   38.50   141.26 5
   39.50   142.00 5
   39.30   141.87 5
   45.43   141.72 5
   40.16   141.78 5
   42.26   143.33 5
   42.97   144.40 5
   39.63   141.95 5
   33.97   136.22 5
   34.00   136.25 5
   43.37   145.60 5
   38.00   140.92 5
   39.07   141.72 5
   38.45   141.47 5
   39.37   141.96 5
   39.30   141.88 5
   39.63   141.95 5
   43.37   145.60 5
   19.28  -166.62 5
   42.48   143.43 5
   34.46   136.85 5
   34.78   139.42 5
   42.97   144.40 5
   44.67   142.42 5
   38.50   141.26 5
   35.70   139.40 5
   36.95   140.90 5
   42.26   143.33 5
   40.16   141.70 5
   42.97   144.40 5
   39.63   141.95 5
   36.95   140.90 5
   40.50   141.50 5
   38.30   141.50 5
   40.50   141.50 5
   38.50   141.26 5
   34.05   136.20 5
   35.69   139.75 5
   38.90   141.57 5
   36.95   140.90 5
   33.47   135.78 5
   33.51   133.44 5
   35.15   135.63 5
   35.30   139.48 5
   35.27   139.65 5
   34.97   139.07 5
   24.79   125.26 5
   42.97   144.40 5
   35.15   139.13 5
   24.10   141.40 5
   34.12   139.55 5
   43.37   145.60 5
   44.00   144.26 5
   38.95   139.83 5
   39.63   141.95 5
   35.30   139.48 5
   35.72   140.83 5
   38.32   141.00 5
   38.30   141.50 5
   40.50   141.50 5
   40.50   141.50 5
   44.67   142.42 5
   38.50   141.26 5
   39.30   141.87 5
   42.97   144.40 5
   39.63   141.95 5
   33.59   133.55 5
   33.47   135.78 5
   38.32   141.00 5
   34.93   139.83 5
   39.63   141.95 5
   35.14   136.92 5
   38.50   141.26 5
   38.90   141.57 5
   34.61   138.23 5
   36.95   140.90 5
   38.32   141.00 5
   35.95   137.27 5
   38.50   141.26 5
   35.02   138.48 5
   38.92   141.69 5
   40.16   141.78 5
   33.47   135.79 5
   34.93   139.83 5
   34.26   136.46 5
   42.97   144.40 5
   36.95   140.90 5
   38.32   141.00 5
   35.72   140.83 5
   39.73   140.08 5
   39.03   141.87 5
   38.50   141.26 5
   38.90   141.57 5
   37.00   141.00 5
   41.45   140.13 5
   37.18   138.24 5
   32.44   131.68 5
   19.28  -166.62 5
   33.51   133.44 5
   34.60   135.50 5
   40.22   140.00 5
   35.30   139.48 5
   33.93   136.15 5
   44.38   141.72 5
   42.90   145.00 5
   41.52   140.27 5
   42.96   140.53 5
   44.67   142.42 5
   39.42   140.06 5
   43.85   141.55 5
   37.92   139.05 5
   33.47   135.78 5
   35.66   139.55 5
   38.25   141.00 5
   43.96   141.68 5
   38.11   138.46 5
   37.07   136.95 5
   31.62   130.53 5
   38.72   141.45 5
   19.28  -166.62 5
   19.28  -166.62 5
   37.42   136.89 5
   33.47   135.78 5
   38.30   141.50 5
   39.63   141.95 5
   35.72   140.83 5
   44.67   142.42 5
   32.44   131.68 5
   35.65   136.07 5
   37.42   136.89 5
   37.42   136.89 5
   35.15   135.63 5
   38.78   139.79 5
   34.61   138.24 5
   34.68   137.50 5
   39.06   139.87 5
   34.75   139.42 5
   34.05   136.20 5
   35.15   135.63 5
   43.01   144.79 5
   38.30   141.50 5
   33.73   136.02 5
   35.15   139.80 5
   40.50   141.50 5
   44.67   142.42 5
   42.26   143.33 5
   34.87   139.11 5
   34.17   135.22 5
   35.81   139.74 5
   31.65   131.37 5
   40.50   141.50 5
   34.81   134.80 5
   33.92   136.08 5
   33.47   135.78 5
   35.15   139.80 5
   33.88   136.10 5
   34.98   140.29 5
   44.38   143.22 5
   42.32   141.98 5
   39.07   141.72 5
   34.69   136.97 5
   36.95   140.90 5
   35.95   137.27 5
   34.75   139.42 5
   35.72   140.83 5
   35.03   138.94 5
   38.45   141.47 5
   36.58   140.67 5
   34.62   137.11 5
   33.93   136.18 5
   34.81   135.57 5
   35.27   139.65 5
   38.46   141.43 5
   32.44   131.68 5
   35.11   139.10 5
   38.50   141.26 5
   39.76   141.95 5
   39.00   141.64 5
   39.37   141.96 5
   38.50   141.26 5
   31.62   130.53 5
   38.30   141.50 5
   35.15   135.63 5
   38.45   141.47 5
   43.80   147.00 5
   35.20   139.28 5
   35.15   135.63 5
   19.28  -166.62 5
   38.50   141.26 5
   35.15   139.13 5
   33.21   132.57 5
   38.90   141.57 5
   34.63   138.91 5
   35.66   139.55 5
   35.66   139.55 5
   35.31   139.41 5
   34.78   139.40 5
   35.72   140.83 5
   36.95   140.90 5
   35.95   137.27 5
   35.72   140.83 5
   35.15   135.63 5
   35.31   139.37 5
   35.02   138.48 5
   34.67   138.92 5
   19.28  -166.62 5
   40.16   141.78 5
   38.92   141.69 5
   39.30   141.88 5
   36.95   140.90 5
   35.02   138.48 5
   39.30   141.88 5
   38.90   141.57 5
   38.30   141.50 5
   35.06   139.03 5
   39.06   141.64 5
   39.37   141.96 5
   39.13   141.82 5
   40.50   141.50 5
   38.46   141.43 5
   36.95   140.90 5
   33.08   131.86 5
   36.95   140.90 5
   31.65   131.37 5
   41.77   140.73 5
   34.75   139.42 5
   32.44   131.68 5
   29.25   129.45 5
   33.58   135.92 5
   36.95   140.90 5
   39.76   141.97 5
   34.93   139.83 5
   35.20   139.40 5
   44.67   142.42 5
   32.44   131.68 5
   43.14   140.44 5
   39.07   141.72 5
   39.03   141.87 5
   36.95   140.90 5
   38.30   141.50 5
   42.27   130.32 5
   45.25   141.15 5
   44.67   142.42 5
   39.74   142.00 5
   38.95   139.83 5
   38.45   141.47 5
   34.00   136.22 5
   40.79   140.73 5
   39.13   141.82 5
   33.47   135.78 5
   39.83   141.86 5
   35.72   140.83 5
   34.74   138.78 5
   39.30   141.87 5
   38.45   141.47 5
   33.47   135.78 5
   43.37   145.60 5
   38.30   141.50 5
   26.97   132.20 5
   33.93   136.15 5
   32.44   131.68 5
   38.45   141.47 5
   35.72   140.83 5
   38.30   141.50 5
   35.14   136.92 5
   35.72   140.83 5
   40.50   141.50 5
   33.95   136.20 5
   34.18   136.32 5
   35.04   139.07 5
   33.97   136.18 5
   34.06   136.20 5
   35.95   137.27 5
   39.03   141.87 5
   33.88   136.10 5
   33.88   136.13 5
   35.02   138.48 5
   38.90   141.57 5
   34.68   137.56 5
   40.16   141.78 5
   32.68   135.18 5
   39.37   141.90 5
   38.30   141.50 5
   40.50   141.50 5
   33.80   136.03 5
   33.98   136.23 5
   34.00   136.22 5
   35.12   139.07 5
   35.72   140.83 5
   26.22   127.75 5
   34.67   138.95 5
   19.28  -166.62 5
   34.98   140.29 5
   43.25   141.38 5
   34.22   136.40 5
   34.20   136.33 5
   34.93   139.83 5
   40.50   141.50 5
   45.43   141.72 5
   38.50   141.26 5
   33.51   133.44 5
   35.30   139.48 5
   33.82   136.05 5
   42.62   141.62 5
   38.45   141.47 5
   40.50   141.50 5
   39.63   141.95 5
   40.50   141.50 5
   35.71   140.16 5
   42.97   144.40 5
   38.45   141.47 5
   40.50   141.50 5
   33.93   136.15 5
   34.20   136.33 5
   33.37   134.15 5
   24.79   125.26 5
   40.50   141.50 5
   34.63   138.91 5
   33.37   134.15 5
   36.95   140.90 5
   42.17   142.78 5
   34.73   137.88 5
   38.30   141.50 5
   40.76   140.22 5
   34.07   136.23 5
   38.90   141.57 5
   34.56   139.56 5
   34.25   136.85 5
   34.03   136.23 5
   45.23   147.90 6
   59.64   150.90 6
   48.07   153.28 6
   45.23   147.90 6
   43.85   146.78 6
   44.52   135.52 6
   48.07   153.28 6
   45.90   150.00 6
   44.04   144.82 6
   45.23   147.90 6
   44.03   145.86 6
   50.75   156.33 6
   66.37   162.45 6
   49.33   154.68 6
   50.25   155.50 6
   55.20  -166.20 6
   50.42   155.83 6
   50.70   155.50 6
   43.36   131.90 6
   44.03   145.86 6
   45.87   149.82 6
   42.90   132.80 6
   44.03   145.86 6
   55.00   161.12 6
   44.60   135.61 6
   45.23   147.90 6
   47.00   155.00 6
   47.05   141.95 6
   47.43   138.98 6
   43.50   146.00 6
   50.75   156.33 6
   66.37   162.45 6
   54.58   161.00 6
   55.20  -166.20 6
   46.20   150.92 6
   46.95   152.10 6
   46.20   150.55 6
   46.00   150.00 6
   45.23   147.90 6
   44.05   145.84 6
   45.87   149.82 6
   46.40   151.00 6
   53.10   158.65 6
   44.03   145.86 6
   44.03   145.86 6
   43.85   146.78 6
   45.23   147.90 6
   43.36   131.90 6
   43.85   146.78 6
   44.03   145.86 6
   45.23   147.00 6
   50.67   156.02 6
   45.87   149.82 6
   48.07   153.28 6
   66.37   162.45 6
   45.23   147.90 6
   54.60   162.12 6
   53.08   160.03 6
   47.05   141.95 6
   46.62   142.80 6
   45.23   147.90 6
   53.10   158.65 6
   44.03   145.86 6
   46.20   150.55 6
   48.07   153.28 6
   43.80   135.30 6
   50.52   156.40 6
   47.08   141.20 6
   44.00   146.00 6
   50.42   155.83 6
   48.75   154.00 6
   50.75   156.53 6
   48.07   153.28 6
   44.03   145.86 6
   47.05   141.95 6
   43.85   146.78 6
   45.90   142.00 6
   45.02   136.58 6
   44.52   135.52 6
   46.62   142.80 6
   52.93  -173.25 7
   59.48  -139.82 7
   60.06  -142.43 7
   53.90  -166.53 7
   59.48  -139.82 7
   55.34  -160.49 7
   59.47  -151.68 7
   52.93  -173.25 7
   60.10  -149.43 7
   52.93  -173.25 7
   54.42  -164.73 7
   52.71  -174.68 7
   60.13  -148.15 7
   52.93  -173.25 7
   52.93  -173.25 7
   57.08  -135.33 7
   57.08  -135.33 7
   55.31  -160.53 7
   57.08  -135.33 7
   57.82  -152.50 7
   52.93  -173.25 7
   52.93  -173.25 7
   60.48  -145.87 7
   59.48  -139.82 7
   51.87  -176.67 7
   57.08  -135.33 7
   57.08  -135.33 7
   57.82  -152.50 7
   55.33  -131.63 7
   57.22  -153.37 7
   54.83  -164.00 7
   52.93  -173.25 7
   51.87  -176.67 7
   52.93  -173.25 7
   52.71  -174.68 7
   52.93  -173.25 7
   59.48  -139.82 7
   52.93  -173.25 7
   53.90  -166.51 7
   56.83  -153.83 7
   52.93  -173.25 7
   51.87  -176.63 7
   57.72  -152.52 7
   59.48  -139.82 7
   53.89  -166.50 7
   59.48  -139.82 7
   58.30  -134.42 7
   58.30  -134.42 7
   53.88  -166.53 7
   53.90  -166.51 7
   53.90  -166.53 7
   58.75  -137.50 7
   57.82  -152.50 7
   53.90  -166.51 7
   57.93  -152.50 7
   58.60  -137.60 7
   53.90  -166.51 7
   60.11  -149.42 7
   59.80  -144.60 7
   58.60  -137.60 7
   57.81  -152.40 7
   51.87  -176.67 7
   51.87  -176.67 7
   52.87  -173.20 7
   53.90  -166.51 7
   51.87  -176.67 7
   51.87  -176.67 7
   54.55  -164.25 7
   58.40  -152.20 7
   52.93  -173.25 7
   58.30  -134.42 7
   51.87  -176.67 7
   60.11  -149.42 7
   60.56  -148.18 7
   51.87  -176.67 7
   57.82  -152.50 7
   57.08  -135.33 7
   51.87  -176.67 7
   59.75  -139.32 7
   53.90  -166.51 7
   52.83  -173.20 7
   59.34  -151.90 7
   57.82  -152.50 7
   55.33  -131.63 7
   56.97  -133.92 7
   60.11  -149.42 7
   51.87  -176.67 7
   52.71  -174.68 7
   60.05  -148.00 7
   52.93  -173.25 7
   57.08  -135.33 7
   51.87  -176.67 7
   51.87  -176.67 7
   52.93  -173.25 7
   60.11  -149.42 7
   57.08  -135.33 7
   52.71  -174.68 7
   53.90  -166.51 7
   52.87  -173.20 7
   53.90  -166.51 7
   52.83  -173.20 7
   57.08  -135.33 7
   52.93  -173.25 7
   53.88  -166.53 7
   60.92  -141.33 7
   59.48  -139.82 7
   59.48  -139.82 7
   57.82  -152.50 7
   52.71  -174.68 7
   53.90  -166.51 7
   51.87  -176.67 7
   52.53  -160.50 7
   59.45  -135.32 7
   61.12  -146.28 7
   59.48  -139.82 7
   58.30  -134.42 7
   51.87  -176.63 7
   52.87  -173.20 7
   51.87  -176.67 7
   57.08  -135.33 7
   61.16  -146.28 7
   60.48  -145.90 7
   60.75  -148.80 7
   57.73  -152.52 7
   57.82  -152.50 7
   52.71  -174.68 7
   60.11  -149.42 7
   60.44  -147.94 7
   57.90  -150.35 7
   57.67  -152.35 7
   58.30  -134.42 7
   58.75  -137.50 7
   59.48  -139.82 7
   53.90  -166.53 7
   60.10  -152.57 7
   52.93  -173.25 7
   55.33  -131.63 7
   59.48  -139.82 7
   60.10  -149.43 7
   52.93  -173.25 7
   57.08  -135.33 7
   53.90  -166.51 7
   51.87  -176.67 7
   52.93  -173.25 7
   37.80  -122.40 8
   16.17   -95.20 8
   54.32  -130.33 8
   49.23  -124.78 8
   13.33   -87.82 8
    8.28   -82.84 8
   23.18  -106.43 8
   32.87  -117.25 8
   33.75  -118.23 8
   54.32  -130.33 8
   13.47   -89.33 8
   37.80  -122.40 8
   37.80  -122.40 8
   44.63  -124.06 8
   31.85  -116.63 8
   16.85   -99.93 8
    8.92   -79.53 8
   34.00  -118.50 8
   34.42  -119.68 8
   34.41  -119.70 8
    9.40   -84.17 8
   36.97  -122.05 8
   37.80  -122.47 8
   15.67   -96.51 8
   33.77  -118.25 8
   19.05  -104.33 8
   32.70  -117.17 8
   19.05  -104.33 8
   52.65  -129.48 8
   34.00  -118.50 8
   25.62  -109.05 8
   33.77  -118.25 8
   33.60  -117.88 8
   37.80  -122.47 8
   49.15  -125.90 8
    9.97   -84.83 8
   48.36  -124.62 8
    9.97   -84.83 8
   35.18  -120.73 8
    9.97    84.08 8
   13.92   -90.83 8
    9.40   -84.17 8
   32.70  -117.17 8
   37.80  -122.40 8
   13.92   -90.83 8
   13.58   -89.85 8
   47.60  -122.33 8
   16.85   -99.92 8
   16.85   -99.92 8
   16.85   -99.92 8
   16.85   -99.92 8
   31.87  -116.62 8
   13.33   -87.82 8
   32.87  -117.25 8
    9.97   -84.83 8
   32.70  -117.17 8
    9.97   -84.83 8
   13.92   -90.83 8
   48.44  -123.38 8
   13.33   -87.82 8
   19.05  -104.33 8
   32.70  -117.17 8
   37.80  -122.40 8
   13.33   -87.82 8
   16.17   -95.20 8
   13.47   -89.33 8
   32.70  -117.17 8
   33.71  -118.27 8
   37.80  -122.40 8
   34.50  -120.30 8
   41.77  -124.22 8
   13.58   -89.85 8
   16.85   -99.93 8
   35.17  -120.74 8
   13.92   -90.83 8
   34.12  -119.20 8
   37.77  -122.30 8
   37.77  -122.30 8
   49.15  -125.90 8
   46.20  -123.77 8
   41.76  -124.22 8
   37.80  -122.40 8
   48.75  -122.90 8
   48.55  -123.00 8
   33.70  -118.25 8
   24.17  -110.32 8
   34.42  -119.68 8
   33.75  -118.23 8
   33.71  -118.27 8
   37.80  -122.40 8
   27.92  -110.90 8
   13.92   -90.83 8
   32.87  -117.25 8
   33.71  -118.27 8
   13.47   -89.33 8
   48.36  -124.62 8
   32.70  -117.17 8
   34.00  -118.50 8
   33.75  -118.23 8
   37.80  -122.40 8
   34.00  -118.50 8
   37.77  -122.30 8
   13.33   -87.82 8
   46.20  -123.77 8
   37.80  -122.40 8
   35.27  -120.67 8
   37.58  -122.32 8
   51.93  -131.02 8
   34.00  -118.50 8
   41.77  -124.22 8
   33.75  -118.12 8
   32.70  -117.17 8
   33.71  -118.27 8
   33.71  -118.27 8
   35.18  -120.73 8
   41.77  -124.22 8
    9.97   -84.83 8
   16.85   -99.93 8
   19.05  -104.33 8
   37.43  -122.47 8
   37.80  -122.40 8
    9.97   -84.83 8
    9.40   -84.17 8
   36.97  -122.02 8
   33.71  -118.27 8
   37.77  -122.30 8
   48.37  -124.62 8
   33.71  -118.27 8
   46.70  -123.97 8
   16.85   -99.93 8
   52.60  -132.00 8
   53.52  -132.00 8
   49.27  -125.07 8
   49.27  -124.82 8
   49.27  -123.12 8
   32.70  -117.17 8
   48.44  -123.38 8
   49.15  -125.90 8
   48.36  -124.62 8
   33.75  -118.23 8
   33.60  -117.90 8
   34.35  -119.43 8
   32.70  -117.17 8
   37.80  -122.40 8
   34.00  -118.50 8
   49.15  -125.90 8
   16.85   -99.93 8
   43.97  -124.14 8
   27.92  -110.90 8
   41.77  -124.22 8
   43.69  -124.21 8
   23.18  -106.43 8
   16.17   -95.20 8
   25.62  -109.05 8
   16.85   -99.93 8
    9.97   -84.83 8
    8.28   -82.84 8
   33.71  -118.27 8
    8.92   -79.53 8
    8.26   -82.47 8
   48.36  -124.62 8
    8.26   -82.87 8
   34.12  -119.20 8
   32.70  -117.17 8
   37.80  -122.40 8
   34.12  -119.20 8
   33.75  -118.12 8
   34.12  -119.20 8
   34.00  -118.50 8
   32.70  -117.17 8
   33.75  -118.29 8
   32.70  -117.17 8
   37.49  -122.44 8
   43.39  -124.29 8
   16.85   -99.92 8
   41.77  -124.22 8
   44.82  -124.06 8
   16.85   -99.92 8
   48.55  -123.00 8
   16.85   -99.92 8
   35.18  -120.73 8
   41.77  -124.22 8
   16.85   -99.93 8
   37.80  -122.40 8
   19.05  -104.33 8
   20.71  -103.37 8
   19.05  -104.33 8
   17.62  -101.45 8
   32.87  -117.25 8
   33.71  -118.27 8
   16.85   -99.93 8
   16.85   -99.93 8
   48.36  -124.62 8
   43.97  -123.95 8
   44.65  -124.06 8
   33.60  -117.90 8
   23.18  -106.43 8
   16.17   -95.20 8
   16.85   -99.93 8
   49.15  -125.90 8
   41.77  -124.22 8
   31.88  -116.60 8
   34.35  -119.43 8
   24.16  -110.32 8
   37.80  -122.40 8
   33.71  -118.27 8
   48.36  -124.62 8
   37.80  -122.40 8
   16.85   -99.92 8
   33.00  -118.55 8
   41.75  -124.20 8
   33.71  -118.27 8
   33.75  -118.29 8
   32.70  -117.17 8
   46.20  -123.77 8
   48.36  -124.62 8
   37.78  -122.30 8
   33.73  -118.08 8
   46.20  -122.77 8
   21.58  -105.28 8
   35.18  -120.73 8
   32.70  -117.17 8
   41.77  -124.22 8
   41.77  -124.22 8
   34.12  -119.20 8
   46.20  -122.77 8
   32.70  -117.17 8
   37.80  -122.40 8
   32.87  -117.25 8
   33.75  -118.23 8
   33.71  -118.27 8
   16.17   -95.20 8
   35.18  -120.73 8
   37.77  -122.30 8
   34.67  -120.58 8
   44.65  -124.06 8
   35.18  -120.73 8
   32.87  -117.25 8
   41.77  -124.22 8
   33.75  -118.23 8
   37.80  -122.40 8
   16.85   -99.93 8
   32.72  -117.17 8
   38.32  -123.08 8
   32.87  -117.25 8
  -18.48   -70.33 9
  -29.95   -71.42 9
  -36.63   -72.95 9
  -18.48   -70.33 9
  -27.07   -70.83 9
   -9.50   -78.30 9
  -39.87   -73.40 9
  -44.00   176.58 9
  -19.57   -70.23 9
  -28.50   -71.25 9
  -39.86   -73.42 9
  -20.25   -70.13 9
  -12.08   -77.13 9
  -23.05   -70.42 9
  -36.67   -73.17 9
  -36.63   -72.95 9
  -27.07   -70.83 9
  -18.48   -70.33 9
  -29.95   -71.42 9
  -20.25   -70.13 9
  -33.08   -71.67 9
  -41.91   -72.76 9
  -15.88   -74.22 9
  -36.83   -73.05 9
  -39.77   -73.25 9
  -29.95   -71.42 9
  -33.63   -78.33 9
  -35.53   -71.72 9
  -33.00   -80.00 9
  -45.40   -72.70 9
  -53.17   -70.93 9
  -35.33   -72.42 9
  -38.78   -73.40 9
  -38.33   -73.52 9
  -36.67   -73.17 9
  -36.63   -72.95 9
  -39.80   -73.24 9
  -33.03   -71.63 9
  -23.65   -70.42 9
  -18.47   -70.32 9
  -35.33   -72.42 9
  -29.95   -71.35 9
  -39.86   -73.42 9
  -36.67   -73.17 9
  -33.08   -71.67 9
  -23.65   -70.42 9
  -18.47   -70.32 9
  -27.08   -70.68 9
  -20.00   -69.75 9
  -37.62   -73.72 9
  -36.67   -73.17 9
  -33.08   -71.67 9
  -23.65   -70.42 9
  -18.47   -70.32 9
  -23.65   -70.42 9
  -33.08   -71.67 9
  -33.08   -71.67 9
  -33.08   -71.67 9
  -33.08   -71.67 9
  -29.95   -71.42 9
  -27.15   109.45 9
  -33.08   -71.67 9
  -18.47   -70.32 9
  -27.08   -70.68 9
  -29.95   -71.35 9
  -33.08   -71.67 9
  -37.02   -73.15 9
  -18.47   -70.32 9
  -27.08   -70.68 9
    2.58   -77.95 9
    1.85   -78.77 9
    5.08   -75.97 9
  -27.07   -70.83 9
    1.85   -78.77 9
    6.23   -77.40 9
    3.92   -77.08 9
    1.83   -78.74 9
   -2.20   -80.92 9
   -2.20   -80.92 9
   -2.20   -80.92 9
   -2.20   -80.92 9
   -2.20   -80.92 9
  -36.83   -73.05 9
  -33.08   -71.67 9
   -2.20   -80.92 9
  -36.48   -72.70 9
  -27.08   -70.68 9
   -2.20   -80.92 9
  -35.33   -72.42 9
  -33.00   -80.00 9
   -2.20   -80.92 9
   -2.13   -79.54 9
  -36.67   -73.17 9
    2.22   -80.92 9
   -0.90   -89.62 9
   -2.20   -80.92 9
  -12.08   -77.13 9
  -12.10   -77.13 9
  -12.10   -77.13 9
  -12.08   -77.13 9
  -12.08   -77.13 9
  -15.85   -74.22 9
  -17.03   -72.10 9
  -11.78   -77.11 9
  -12.08   -77.13 9
   -9.50   -78.30 9
  -15.85   -74.22 9
  -12.25   -76.36 9
   -9.08   -78.60 9
  -13.65   -76.40 9
  -17.70   -71.33 9
  -17.03   -72.10 9
  -17.00   -72.00 9
  -13.77   -76.70 9
   -8.23   -78.92 9
  -11.33   -78.50 9
   -9.22   -78.55 9
   -8.95   -78.62 9
  -10.82   -77.67 9
   -7.58   -78.70 9
  -17.00   -72.00 9
  -12.08   -77.13 9
  -12.08   -77.13 9
  -12.08   -77.13 9
  -12.08   -77.13 9
  -15.55   -74.83 9
  -17.00   -72.12 9
  -12.08   -77.13 9
  -17.00   -72.12 9
   -4.58   -81.42 9
   -4.58   -81.42 9
  -13.77   -76.70 9
  -12.08   -77.13 9
  -12.08   -77.13 9
  -11.60   -77.23 9
   -4.58   -81.42 9
    3.90   -77.10 9
   -9.08   -78.62 9
   -4.58   -81.42 9
   -4.58   -81.42 9
   -4.58   -81.42 9
  -11.78   -77.11 9
  -12.08   -77.13 9
   -9.07   -78.60 9
  -17.00   -72.12 9
  -15.36   -75.12 9
   -4.58   -81.42 9
  -12.08   -77.13 9
   -9.08   -78.60 9
  -17.00   -72.12 9
  -35.52   -72.95 9
   -6.92   -79.83 9
  -14.72   -70.22 9
  -15.36   -75.12 9
  -14.63   -70.75 9
   -4.58   -81.42 9
  -12.08   -77.13 9
  -12.08   -77.17 9
  -17.00   -72.12 9
  -15.35   -75.15 9
  -11.78   -77.11 9
  -12.08   -77.13 9
   -9.50   -78.30 9
   -9.08   -78.60 9
   -9.88   -78.22 9
  -11.23   -77.58 9
  -17.00   -72.12 9
  -15.35   -75.13 9
  -15.37   -75.12 9
   -4.58   -81.42 9
   -8.10   -79.00 9
   -9.07   -78.60 9
  -17.00   -72.12 9
  -15.36   -75.12 9
   -9.07   -78.60 9
  -12.08   -77.17 9
  -12.08   -77.17 9
   -9.07   -78.60 9
  -12.08   -77.17 9
  -12.08   -77.13 9
  -12.08   -77.17 9
  -12.08   -77.17 9
   -6.93   -80.43 9
  -12.08   -77.17 9
  -27.07   -70.83 9
  -20.90   -70.16 9
  -28.07   -70.58 9
  -20.89   -70.15 9
  -26.38   -70.67 9
  -22.55   -70.27 9
  -35.33   -72.42 9
  -29.95   -71.42 9
  -39.96   -73.42 9
  -21.20   -70.08 9
  -20.25   -70.13 9
  -37.08   -73.17 9
  -23.08   -70.43 9
  -19.57   -70.23 9
  -21.02   -70.17 9
  -36.67   -73.17 9
  -22.08   -70.17 9
  -36.63   -72.95 9
  -33.08   -71.67 9
  -20.25   -70.13 9
  -28.50   -71.25 9
   -2.12   -76.05 9
  -18.48   -70.33 9
  -36.75   -73.00 9
  -18.00   -70.25 9
  -36.63   -73.95 9
  -27.08   -70.68 9
  -35.33   -72.42 9
  -29.95   -71.42 9
  -36.98   -73.17 9
  -33.12   -71.83 9
  -34.98   -71.23 9
  -20.25   -70.13 9
  -35.53   -71.72 9
  -36.75   -73.00 9
  -35.58   -71.63 9
  -35.47   -71.67 9
  -25.43   -70.55 9
  -36.63   -72.95 9
  -33.08   -71.67 9
  -27.08   -70.68 9
  -36.67   -73.17 9
  -23.65   -70.42 9
  -27.08   -70.68 9
  -26.38   -70.67 9
  -29.95   -71.42 9
  -26.47   -79.88 9
  -28.97   -70.50 9
  -35.33   -72.42 9
  -18.48   -70.33 9
  -27.08   -70.68 9
  -26.38   -70.67 9
  -28.50   -71.25 9
  -45.45   -72.97 9
  -35.03   -72.15 9
  -29.95   -71.42 9
  -20.25   -70.13 9
  -18.48   -70.33 9
  -23.65   -70.42 9
  -36.67   -73.17 9
  -25.43   -70.55 9
  -31.93   -76.58 9
  -33.08   -71.67 9
  -23.65   -70.42 9
  -33.00   -80.00 9
  -33.08   -71.67 9
  -22.08   -70.17 9
  -61.76   -65.50 9
  -53.25   -70.27 9
  -23.65   -70.42 9
  -18.47   -70.32 9
  -27.08   -70.68 9
  -36.67   -73.17 9
  -33.08   -71.67 9
  -18.48   -70.33 9
  -29.95   -71.42 9
  -29.90   -71.30 9
  -30.27   -71.52 9
  -23.65   -70.42 9
  -27.07   -70.83 9
  -12.08   -77.13 9
  -36.67   -73.17 9
  -33.08   -71.67 9
  -33.08   -71.67 9
  -41.87   -73.83 9
  -23.65   -70.42 9
  -37.25   -73.32 9
  -18.47   -70.32 9
  -42.50   -73.92 9
  -36.83   -73.05 9
  -35.33   -72.42 9
  -29.93   -71.33 9
  -36.98   -73.17 9
  -39.86   -73.42 9
   -6.85   -79.88 9
  -43.58   -74.83 9
  -38.33   -73.90 9
  -37.63   -73.72 9
  -40.55   -73.76 9
  -39.43   -73.22 9
  -38.22   -74.00 9
